2021-06-09 18:38:55,309:INFO:image components have been set
2021-06-09 18:38:55,340:INFO:array of ones [[[1. 1. 1.]
  [1. 1. 1.]
  [1. 1. 1.]
  ...
  [1. 1. 1.]
  [1. 1. 1.]
  [1. 1. 1.]]

 [[1. 1. 1.]
  [1. 1. 1.]
  [1. 1. 1.]
  ...
  [1. 1. 1.]
  [1. 1. 1.]
  [1. 1. 1.]]

 [[1. 1. 1.]
  [1. 1. 1.]
  [1. 1. 1.]
  ...
  [1. 1. 1.]
  [1. 1. 1.]
  [1. 1. 1.]]

 ...

 [[1. 1. 1.]
  [1. 1. 1.]
  [1. 1. 1.]
  ...
  [1. 1. 1.]
  [1. 1. 1.]
  [1. 1. 1.]]

 [[1. 1. 1.]
  [1. 1. 1.]
  [1. 1. 1.]
  ...
  [1. 1. 1.]
  [1. 1. 1.]
  [1. 1. 1.]]

 [[1. 1. 1.]
  [1. 1. 1.]
  [1. 1. 1.]
  ...
  [1. 1. 1.]
  [1. 1. 1.]
  [1. 1. 1.]]] 
2021-06-09 18:38:55,389:INFO:comp_image [[[174622.          43152.63157676  43152.63157676]
  [ 22363.29074126  14553.89343794  13544.70388122]
  [ 15122.16177089  15663.44594445  16266.80795577]
  ...
  [ 56180.81858978  14596.8206855   12374.79804725]
  [ 15122.16177089  16266.80795577  15663.44594445]
  [ 22363.29074126  13544.70388122  14553.89343794]]

 [[177489.          43691.02786614  43691.02786614]
  [ 24142.30902716  14924.53710445  12940.88172716]
  [ 14490.48603258  15824.26478258  16210.0456099 ]
  ...
  [ 54255.76651661  14886.51901939  12434.59850386]
  [ 14490.48603258  16210.0456099   15824.26478258]
  [ 24142.30902716  12940.88172716  14924.53710445]]

 [[182187.          44438.82181156  44438.82181156]
  [ 26777.47900459  15468.42291797  12062.02340228]
  [ 14019.83480545  16042.57015369  16022.01733234]
  ...
  [ 53270.84521229  15254.72218041  12655.11915871]
  [ 14019.83480545  16022.01733234  16042.57015369]
  [ 26777.47900459  12062.02340228  15468.42291797]]

 ...

 [[197384.          81403.96581863  81403.96581863]
  [ 26753.42774064  17277.42751873  18883.05079219]
  [ 24662.86696339   2092.82828565   2012.89774793]
  ...
  [ 11498.95566493   1318.63721682    584.07073243]
  [ 24662.86696339   2012.89774793   2092.82828565]
  [ 26753.42774064  18883.05079219  17277.42751873]]

 [[197128.          80108.01780721  80108.01780721]
  [ 27020.63962696  16914.77334646  18515.78196877]
  [ 25679.99528111   2591.94356226   2535.98564615]
  ...
  [ 10853.1546295    1512.37737115    804.31514348]
  [ 25679.99528111   2535.98564615   2591.94356226]
  [ 27020.63962696  18515.78196877  16914.77334646]]

 [[196306.          79221.37087302  79221.37087302]
  [ 27203.81166265  16656.18495658  18305.95135418]
  [ 26938.37778851   2909.38442407   2852.7602227 ]
  ...
  [ 10147.71041229   1570.49559917    962.0613645 ]
  [ 26938.37778851   2852.7602227    2909.38442407]
  [ 27203.81166265  18305.95135418  16656.18495658]]]
2021-06-09 18:38:55,437:INFO:comp_image after clipping [[[0.50973066 0.12596477 0.12596477]
  [0.0652796  0.04248357 0.03953769]
  [0.04414237 0.04572241 0.04748365]
  ...
  [0.16399472 0.04260888 0.03612268]
  [0.04414237 0.04748365 0.04572241]
  [0.0652796  0.03953769 0.04248357]]

 [[0.51809958 0.12753637 0.12753637]
  [0.07047265 0.0435655  0.0377751 ]
  [0.04229848 0.04619185 0.04731796]
  ...
  [0.15837539 0.04345452 0.03629724]
  [0.04229848 0.04731796 0.04619185]
  [0.07047265 0.0377751  0.0435655 ]]

 [[0.53181329 0.12971922 0.12971922]
  [0.07816485 0.04515313 0.03520967]
  [0.04092462 0.04682909 0.0467691 ]
  ...
  [0.15550036 0.04452932 0.03694095]
  [0.04092462 0.0467691  0.04682909]
  [0.07816485 0.03520967 0.04515313]]

 ...

 [[0.57617412 0.23762239 0.23762239]
  [0.07809464 0.05043371 0.0551206 ]
  [0.07199219 0.00610907 0.00587575]
  ...
  [0.03356605 0.00384917 0.00170493]
  [0.07199219 0.00587575 0.00610907]
  [0.07809464 0.0551206  0.05043371]]

 [[0.57542684 0.23383945 0.23383945]
  [0.07887465 0.0493751  0.05404853]
  [0.07496124 0.00756602 0.00740267]
  ...
  [0.03168092 0.00441471 0.00234784]
  [0.07496124 0.00740267 0.00756602]
  [0.07887465 0.05404853 0.0493751 ]]

 [[0.57302738 0.23125128 0.23125128]
  [0.07940933 0.04862027 0.05343602]
  [0.07863452 0.00849264 0.00832735]
  ...
  [0.02962169 0.00458436 0.00280831]
  [0.07863452 0.00832735 0.00849264]
  [0.07940933 0.05343602 0.04862027]]]
2021-06-09 18:38:58,734:INFO:image components have been set
2021-06-09 18:38:58,738:INFO:array of ones [[[1. 1. 1.]
  [1. 1. 1.]
  [1. 1. 1.]
  ...
  [1. 1. 1.]
  [1. 1. 1.]
  [1. 1. 1.]]

 [[1. 1. 1.]
  [1. 1. 1.]
  [1. 1. 1.]
  ...
  [1. 1. 1.]
  [1. 1. 1.]
  [1. 1. 1.]]

 [[1. 1. 1.]
  [1. 1. 1.]
  [1. 1. 1.]
  ...
  [1. 1. 1.]
  [1. 1. 1.]
  [1. 1. 1.]]

 ...

 [[1. 1. 1.]
  [1. 1. 1.]
  [1. 1. 1.]
  ...
  [1. 1. 1.]
  [1. 1. 1.]
  [1. 1. 1.]]

 [[1. 1. 1.]
  [1. 1. 1.]
  [1. 1. 1.]
  ...
  [1. 1. 1.]
  [1. 1. 1.]
  [1. 1. 1.]]

 [[1. 1. 1.]
  [1. 1. 1.]
  [1. 1. 1.]
  ...
  [1. 1. 1.]
  [1. 1. 1.]
  [1. 1. 1.]]] 
2021-06-09 18:38:58,760:INFO:comp_image [[[5.35500000e+05 0.00000000e+00 0.00000000e+00]
  [0.00000000e+00 0.00000000e+00 0.00000000e+00]
  [0.00000000e+00 0.00000000e+00 0.00000000e+00]
  ...
  [0.00000000e+00 0.00000000e+00 0.00000000e+00]
  [0.00000000e+00 0.00000000e+00 0.00000000e+00]
  [0.00000000e+00 0.00000000e+00 0.00000000e+00]]

 [[5.35500000e+05 0.00000000e+00 0.00000000e+00]
  [0.00000000e+00 0.00000000e+00 0.00000000e+00]
  [0.00000000e+00 0.00000000e+00 0.00000000e+00]
  ...
  [0.00000000e+00 0.00000000e+00 0.00000000e+00]
  [0.00000000e+00 0.00000000e+00 0.00000000e+00]
  [0.00000000e+00 0.00000000e+00 0.00000000e+00]]

 [[5.35500000e+05 0.00000000e+00 0.00000000e+00]
  [0.00000000e+00 0.00000000e+00 0.00000000e+00]
  [0.00000000e+00 0.00000000e+00 0.00000000e+00]
  ...
  [0.00000000e+00 0.00000000e+00 0.00000000e+00]
  [0.00000000e+00 0.00000000e+00 0.00000000e+00]
  [0.00000000e+00 0.00000000e+00 0.00000000e+00]]

 ...

 [[4.46422000e+05 6.98583660e+03 6.98583660e+03]
  [3.13361851e+04 1.44197156e+03 2.46950767e+03]
  [1.90275394e+04 1.96960679e+03 7.50510932e+02]
  ...
  [1.17143240e+04 4.87219234e+02 4.17639726e+02]
  [1.90275394e+04 7.50510932e+02 1.96960679e+03]
  [3.13361851e+04 2.46950767e+03 1.44197156e+03]]

 [[4.50153000e+05 6.65329685e+03 6.65329685e+03]
  [3.14429526e+04 1.43516724e+03 2.43398943e+03]
  [1.85458037e+04 1.92326325e+03 8.49014587e+02]
  ...
  [1.03681183e+04 4.48803941e+02 4.07357080e+02]
  [1.85458037e+04 8.49014587e+02 1.92326325e+03]
  [3.14429526e+04 2.43398943e+03 1.43516724e+03]]

 [[4.52022000e+05 6.48905201e+03 6.48905201e+03]
  [3.22776934e+04 1.43799019e+03 2.36843516e+03]
  [1.85212247e+04 1.87965666e+03 9.32784379e+02]
  ...
  [9.24927195e+03 3.30043625e+02 3.79608784e+02]
  [1.85212247e+04 9.32784379e+02 1.87965666e+03]
  [3.22776934e+04 2.36843516e+03 1.43799019e+03]]]
2021-06-09 18:38:58,819:INFO:comp_image after clipping [[[1.00000000e+00 0.00000000e+00 0.00000000e+00]
  [0.00000000e+00 0.00000000e+00 0.00000000e+00]
  [0.00000000e+00 0.00000000e+00 0.00000000e+00]
  ...
  [0.00000000e+00 0.00000000e+00 0.00000000e+00]
  [0.00000000e+00 0.00000000e+00 0.00000000e+00]
  [0.00000000e+00 0.00000000e+00 0.00000000e+00]]

 [[1.00000000e+00 0.00000000e+00 0.00000000e+00]
  [0.00000000e+00 0.00000000e+00 0.00000000e+00]
  [0.00000000e+00 0.00000000e+00 0.00000000e+00]
  ...
  [0.00000000e+00 0.00000000e+00 0.00000000e+00]
  [0.00000000e+00 0.00000000e+00 0.00000000e+00]
  [0.00000000e+00 0.00000000e+00 0.00000000e+00]]

 [[1.00000000e+00 0.00000000e+00 0.00000000e+00]
  [0.00000000e+00 0.00000000e+00 0.00000000e+00]
  [0.00000000e+00 0.00000000e+00 0.00000000e+00]
  ...
  [0.00000000e+00 0.00000000e+00 0.00000000e+00]
  [0.00000000e+00 0.00000000e+00 0.00000000e+00]
  [0.00000000e+00 0.00000000e+00 0.00000000e+00]]

 ...

 [[8.33654528e-01 1.30454465e-02 1.30454465e-02]
  [5.85176193e-02 2.69275735e-03 4.61159229e-03]
  [3.55322866e-02 3.67807057e-03 1.40151435e-03]
  ...
  [2.18754882e-02 9.09839840e-04 7.79906118e-04]
  [3.55322866e-02 1.40151435e-03 3.67807057e-03]
  [5.85176193e-02 4.61159229e-03 2.69275735e-03]]

 [[8.40621849e-01 1.24244572e-02 1.24244572e-02]
  [5.87169983e-02 2.68005087e-03 4.54526504e-03]
  [3.46326866e-02 3.59152801e-03 1.58546141e-03]
  ...
  [1.93615654e-02 8.38102598e-04 7.60704165e-04]
  [3.46326866e-02 1.58546141e-03 3.59152801e-03]
  [5.87169983e-02 4.54526504e-03 2.68005087e-03]]

 [[8.44112045e-01 1.21177442e-02 1.21177442e-02]
  [6.02758047e-02 2.68532249e-03 4.42284811e-03]
  [3.45867875e-02 3.51009647e-03 1.74189427e-03]
  ...
  [1.72722165e-02 6.16327965e-04 7.08886619e-04]
  [3.45867875e-02 1.74189427e-03 3.51009647e-03]
  [6.02758047e-02 4.42284811e-03 2.68532249e-03]]]
2021-06-09 18:39:01,867:INFO:Choice 1 is [[[174622.          43152.63157676  43152.63157676]
  [ 22363.29074126  14553.89343794  13544.70388122]
  [ 15122.16177089  15663.44594445  16266.80795577]
  ...
  [ 56180.81858978  14596.8206855   12374.79804725]
  [ 15122.16177089  16266.80795577  15663.44594445]
  [ 22363.29074126  13544.70388122  14553.89343794]]

 [[177489.          43691.02786614  43691.02786614]
  [ 24142.30902716  14924.53710445  12940.88172716]
  [ 14490.48603258  15824.26478258  16210.0456099 ]
  ...
  [ 54255.76651661  14886.51901939  12434.59850386]
  [ 14490.48603258  16210.0456099   15824.26478258]
  [ 24142.30902716  12940.88172716  14924.53710445]]

 [[182187.          44438.82181156  44438.82181156]
  [ 26777.47900459  15468.42291797  12062.02340228]
  [ 14019.83480545  16042.57015369  16022.01733234]
  ...
  [ 53270.84521229  15254.72218041  12655.11915871]
  [ 14019.83480545  16022.01733234  16042.57015369]
  [ 26777.47900459  12062.02340228  15468.42291797]]

 ...

 [[197384.          81403.96581863  81403.96581863]
  [ 26753.42774064  17277.42751873  18883.05079219]
  [ 24662.86696339   2092.82828565   2012.89774793]
  ...
  [ 11498.95566493   1318.63721682    584.07073243]
  [ 24662.86696339   2012.89774793   2092.82828565]
  [ 26753.42774064  18883.05079219  17277.42751873]]

 [[197128.          80108.01780721  80108.01780721]
  [ 27020.63962696  16914.77334646  18515.78196877]
  [ 25679.99528111   2591.94356226   2535.98564615]
  ...
  [ 10853.1546295    1512.37737115    804.31514348]
  [ 25679.99528111   2535.98564615   2591.94356226]
  [ 27020.63962696  18515.78196877  16914.77334646]]

 [[196306.          79221.37087302  79221.37087302]
  [ 27203.81166265  16656.18495658  18305.95135418]
  [ 26938.37778851   2909.38442407   2852.7602227 ]
  ...
  [ 10147.71041229   1570.49559917    962.0613645 ]
  [ 26938.37778851   2852.7602227    2909.38442407]
  [ 27203.81166265  18305.95135418  16656.18495658]]]
2021-06-09 18:39:01,871:INFO:Choice 2 is [[[174622.          43152.63157676  43152.63157676]
  [ 22363.29074126  14553.89343794  13544.70388122]
  [ 15122.16177089  15663.44594445  16266.80795577]
  ...
  [ 56180.81858978  14596.8206855   12374.79804725]
  [ 15122.16177089  16266.80795577  15663.44594445]
  [ 22363.29074126  13544.70388122  14553.89343794]]

 [[177489.          43691.02786614  43691.02786614]
  [ 24142.30902716  14924.53710445  12940.88172716]
  [ 14490.48603258  15824.26478258  16210.0456099 ]
  ...
  [ 54255.76651661  14886.51901939  12434.59850386]
  [ 14490.48603258  16210.0456099   15824.26478258]
  [ 24142.30902716  12940.88172716  14924.53710445]]

 [[182187.          44438.82181156  44438.82181156]
  [ 26777.47900459  15468.42291797  12062.02340228]
  [ 14019.83480545  16042.57015369  16022.01733234]
  ...
  [ 53270.84521229  15254.72218041  12655.11915871]
  [ 14019.83480545  16022.01733234  16042.57015369]
  [ 26777.47900459  12062.02340228  15468.42291797]]

 ...

 [[197384.          81403.96581863  81403.96581863]
  [ 26753.42774064  17277.42751873  18883.05079219]
  [ 24662.86696339   2092.82828565   2012.89774793]
  ...
  [ 11498.95566493   1318.63721682    584.07073243]
  [ 24662.86696339   2012.89774793   2092.82828565]
  [ 26753.42774064  18883.05079219  17277.42751873]]

 [[197128.          80108.01780721  80108.01780721]
  [ 27020.63962696  16914.77334646  18515.78196877]
  [ 25679.99528111   2591.94356226   2535.98564615]
  ...
  [ 10853.1546295    1512.37737115    804.31514348]
  [ 25679.99528111   2535.98564615   2591.94356226]
  [ 27020.63962696  18515.78196877  16914.77334646]]

 [[196306.          79221.37087302  79221.37087302]
  [ 27203.81166265  16656.18495658  18305.95135418]
  [ 26938.37778851   2909.38442407   2852.7602227 ]
  ...
  [ 10147.71041229   1570.49559917    962.0613645 ]
  [ 26938.37778851   2852.7602227    2909.38442407]
  [ 27203.81166265  18305.95135418  16656.18495658]]]
2021-06-09 18:39:02,527:INFO:Combined array after ifft [[[ 187   90   90]
  [ 190   93   89]
  [ 196   97   96]
  ...
  [ 200  100  104]
  [ 196   96   97]
  [ 190   89   93]]

 [[  51   36   36]
  [  52   38   37]
  [  49   39   33]
  ...
  [  47   30   40]
  [  49   33   39]
  [  52   37   38]]

 [[  58   65   65]
  [  57   65   67]
  [  59   65   68]
  ...
  [  59   70   61]
  [  59   68   65]
  [  57   67   65]]

 ...

 [[ -55  -21  -21]
  [ -57  -21  -26]
  [ -58  -22  -27]
  ...
  [ -57  -32  -24]
  [ -58  -27  -22]
  [ -57  -26  -21]]

 [[  95   36   36]
  [  96   37   35]
  [  95   37   32]
  ...
  [  96   33   38]
  [  95   32   37]
  [  96   35   37]]

 [[-181  -73  -73]
  [-181  -72  -77]
  [-186  -72  -80]
  ...
  [-189  -82  -74]
  [-186  -80  -72]
  [-181  -77  -72]]]
2021-06-09 18:39:02,543:WARNING:Clipping input data to the valid range for imshow with RGB data ([0..1] for floats or [0..255] for integers).
2021-06-09 18:39:05,268:INFO:Choice 1 is [[[174622.          43152.63157676  43152.63157676]
  [ 22363.29074126  14553.89343794  13544.70388122]
  [ 15122.16177089  15663.44594445  16266.80795577]
  ...
  [ 56180.81858978  14596.8206855   12374.79804725]
  [ 15122.16177089  16266.80795577  15663.44594445]
  [ 22363.29074126  13544.70388122  14553.89343794]]

 [[177489.          43691.02786614  43691.02786614]
  [ 24142.30902716  14924.53710445  12940.88172716]
  [ 14490.48603258  15824.26478258  16210.0456099 ]
  ...
  [ 54255.76651661  14886.51901939  12434.59850386]
  [ 14490.48603258  16210.0456099   15824.26478258]
  [ 24142.30902716  12940.88172716  14924.53710445]]

 [[182187.          44438.82181156  44438.82181156]
  [ 26777.47900459  15468.42291797  12062.02340228]
  [ 14019.83480545  16042.57015369  16022.01733234]
  ...
  [ 53270.84521229  15254.72218041  12655.11915871]
  [ 14019.83480545  16022.01733234  16042.57015369]
  [ 26777.47900459  12062.02340228  15468.42291797]]

 ...

 [[197384.          81403.96581863  81403.96581863]
  [ 26753.42774064  17277.42751873  18883.05079219]
  [ 24662.86696339   2092.82828565   2012.89774793]
  ...
  [ 11498.95566493   1318.63721682    584.07073243]
  [ 24662.86696339   2012.89774793   2092.82828565]
  [ 26753.42774064  18883.05079219  17277.42751873]]

 [[197128.          80108.01780721  80108.01780721]
  [ 27020.63962696  16914.77334646  18515.78196877]
  [ 25679.99528111   2591.94356226   2535.98564615]
  ...
  [ 10853.1546295    1512.37737115    804.31514348]
  [ 25679.99528111   2535.98564615   2591.94356226]
  [ 27020.63962696  18515.78196877  16914.77334646]]

 [[196306.          79221.37087302  79221.37087302]
  [ 27203.81166265  16656.18495658  18305.95135418]
  [ 26938.37778851   2909.38442407   2852.7602227 ]
  ...
  [ 10147.71041229   1570.49559917    962.0613645 ]
  [ 26938.37778851   2852.7602227    2909.38442407]
  [ 27203.81166265  18305.95135418  16656.18495658]]]
2021-06-09 18:39:05,271:INFO:Choice 2 is [[[174622.          43152.63157676  43152.63157676]
  [ 22363.29074126  14553.89343794  13544.70388122]
  [ 15122.16177089  15663.44594445  16266.80795577]
  ...
  [ 56180.81858978  14596.8206855   12374.79804725]
  [ 15122.16177089  16266.80795577  15663.44594445]
  [ 22363.29074126  13544.70388122  14553.89343794]]

 [[177489.          43691.02786614  43691.02786614]
  [ 24142.30902716  14924.53710445  12940.88172716]
  [ 14490.48603258  15824.26478258  16210.0456099 ]
  ...
  [ 54255.76651661  14886.51901939  12434.59850386]
  [ 14490.48603258  16210.0456099   15824.26478258]
  [ 24142.30902716  12940.88172716  14924.53710445]]

 [[182187.          44438.82181156  44438.82181156]
  [ 26777.47900459  15468.42291797  12062.02340228]
  [ 14019.83480545  16042.57015369  16022.01733234]
  ...
  [ 53270.84521229  15254.72218041  12655.11915871]
  [ 14019.83480545  16022.01733234  16042.57015369]
  [ 26777.47900459  12062.02340228  15468.42291797]]

 ...

 [[197384.          81403.96581863  81403.96581863]
  [ 26753.42774064  17277.42751873  18883.05079219]
  [ 24662.86696339   2092.82828565   2012.89774793]
  ...
  [ 11498.95566493   1318.63721682    584.07073243]
  [ 24662.86696339   2012.89774793   2092.82828565]
  [ 26753.42774064  18883.05079219  17277.42751873]]

 [[197128.          80108.01780721  80108.01780721]
  [ 27020.63962696  16914.77334646  18515.78196877]
  [ 25679.99528111   2591.94356226   2535.98564615]
  ...
  [ 10853.1546295    1512.37737115    804.31514348]
  [ 25679.99528111   2535.98564615   2591.94356226]
  [ 27020.63962696  18515.78196877  16914.77334646]]

 [[196306.          79221.37087302  79221.37087302]
  [ 27203.81166265  16656.18495658  18305.95135418]
  [ 26938.37778851   2909.38442407   2852.7602227 ]
  ...
  [ 10147.71041229   1570.49559917    962.0613645 ]
  [ 26938.37778851   2852.7602227    2909.38442407]
  [ 27203.81166265  18305.95135418  16656.18495658]]]
2021-06-09 18:39:05,697:INFO:Combined array after ifft [[[ 187   90   90]
  [ 190   93   89]
  [ 196   97   96]
  ...
  [ 200  100  104]
  [ 196   96   97]
  [ 190   89   93]]

 [[  51   36   36]
  [  52   38   37]
  [  49   39   33]
  ...
  [  47   30   40]
  [  49   33   39]
  [  52   37   38]]

 [[  58   65   65]
  [  57   65   67]
  [  59   65   68]
  ...
  [  59   70   61]
  [  59   68   65]
  [  57   67   65]]

 ...

 [[ -55  -21  -21]
  [ -57  -21  -26]
  [ -58  -22  -27]
  ...
  [ -57  -32  -24]
  [ -58  -27  -22]
  [ -57  -26  -21]]

 [[  95   36   36]
  [  96   37   35]
  [  95   37   32]
  ...
  [  96   33   38]
  [  95   32   37]
  [  96   35   37]]

 [[-181  -73  -73]
  [-181  -72  -77]
  [-186  -72  -80]
  ...
  [-189  -82  -74]
  [-186  -80  -72]
  [-181  -77  -72]]]
2021-06-09 18:39:05,706:WARNING:Clipping input data to the valid range for imshow with RGB data ([0..1] for floats or [0..255] for integers).
2021-06-09 18:39:10,816:INFO:Choice 1 is [[[174622.          43152.63157676  43152.63157676]
  [ 22363.29074126  14553.89343794  13544.70388122]
  [ 15122.16177089  15663.44594445  16266.80795577]
  ...
  [ 56180.81858978  14596.8206855   12374.79804725]
  [ 15122.16177089  16266.80795577  15663.44594445]
  [ 22363.29074126  13544.70388122  14553.89343794]]

 [[177489.          43691.02786614  43691.02786614]
  [ 24142.30902716  14924.53710445  12940.88172716]
  [ 14490.48603258  15824.26478258  16210.0456099 ]
  ...
  [ 54255.76651661  14886.51901939  12434.59850386]
  [ 14490.48603258  16210.0456099   15824.26478258]
  [ 24142.30902716  12940.88172716  14924.53710445]]

 [[182187.          44438.82181156  44438.82181156]
  [ 26777.47900459  15468.42291797  12062.02340228]
  [ 14019.83480545  16042.57015369  16022.01733234]
  ...
  [ 53270.84521229  15254.72218041  12655.11915871]
  [ 14019.83480545  16022.01733234  16042.57015369]
  [ 26777.47900459  12062.02340228  15468.42291797]]

 ...

 [[197384.          81403.96581863  81403.96581863]
  [ 26753.42774064  17277.42751873  18883.05079219]
  [ 24662.86696339   2092.82828565   2012.89774793]
  ...
  [ 11498.95566493   1318.63721682    584.07073243]
  [ 24662.86696339   2012.89774793   2092.82828565]
  [ 26753.42774064  18883.05079219  17277.42751873]]

 [[197128.          80108.01780721  80108.01780721]
  [ 27020.63962696  16914.77334646  18515.78196877]
  [ 25679.99528111   2591.94356226   2535.98564615]
  ...
  [ 10853.1546295    1512.37737115    804.31514348]
  [ 25679.99528111   2535.98564615   2591.94356226]
  [ 27020.63962696  18515.78196877  16914.77334646]]

 [[196306.          79221.37087302  79221.37087302]
  [ 27203.81166265  16656.18495658  18305.95135418]
  [ 26938.37778851   2909.38442407   2852.7602227 ]
  ...
  [ 10147.71041229   1570.49559917    962.0613645 ]
  [ 26938.37778851   2852.7602227    2909.38442407]
  [ 27203.81166265  18305.95135418  16656.18495658]]]
2021-06-09 18:39:10,820:INFO:Choice 2 is [[[5.35500000e+05 0.00000000e+00 0.00000000e+00]
  [0.00000000e+00 0.00000000e+00 0.00000000e+00]
  [0.00000000e+00 0.00000000e+00 0.00000000e+00]
  ...
  [0.00000000e+00 0.00000000e+00 0.00000000e+00]
  [0.00000000e+00 0.00000000e+00 0.00000000e+00]
  [0.00000000e+00 0.00000000e+00 0.00000000e+00]]

 [[5.35500000e+05 0.00000000e+00 0.00000000e+00]
  [0.00000000e+00 0.00000000e+00 0.00000000e+00]
  [0.00000000e+00 0.00000000e+00 0.00000000e+00]
  ...
  [0.00000000e+00 0.00000000e+00 0.00000000e+00]
  [0.00000000e+00 0.00000000e+00 0.00000000e+00]
  [0.00000000e+00 0.00000000e+00 0.00000000e+00]]

 [[5.35500000e+05 0.00000000e+00 0.00000000e+00]
  [0.00000000e+00 0.00000000e+00 0.00000000e+00]
  [0.00000000e+00 0.00000000e+00 0.00000000e+00]
  ...
  [0.00000000e+00 0.00000000e+00 0.00000000e+00]
  [0.00000000e+00 0.00000000e+00 0.00000000e+00]
  [0.00000000e+00 0.00000000e+00 0.00000000e+00]]

 ...

 [[4.46422000e+05 6.98583660e+03 6.98583660e+03]
  [3.13361851e+04 1.44197156e+03 2.46950767e+03]
  [1.90275394e+04 1.96960679e+03 7.50510932e+02]
  ...
  [1.17143240e+04 4.87219234e+02 4.17639726e+02]
  [1.90275394e+04 7.50510932e+02 1.96960679e+03]
  [3.13361851e+04 2.46950767e+03 1.44197156e+03]]

 [[4.50153000e+05 6.65329685e+03 6.65329685e+03]
  [3.14429526e+04 1.43516724e+03 2.43398943e+03]
  [1.85458037e+04 1.92326325e+03 8.49014587e+02]
  ...
  [1.03681183e+04 4.48803941e+02 4.07357080e+02]
  [1.85458037e+04 8.49014587e+02 1.92326325e+03]
  [3.14429526e+04 2.43398943e+03 1.43516724e+03]]

 [[4.52022000e+05 6.48905201e+03 6.48905201e+03]
  [3.22776934e+04 1.43799019e+03 2.36843516e+03]
  [1.85212247e+04 1.87965666e+03 9.32784379e+02]
  ...
  [9.24927195e+03 3.30043625e+02 3.79608784e+02]
  [1.85212247e+04 9.32784379e+02 1.87965666e+03]
  [3.22776934e+04 2.36843516e+03 1.43799019e+03]]]
2021-06-09 18:39:11,186:INFO:Combined array after ifft [[[787 350 350]
  [696 308 307]
  [646 284 282]
  ...
  [601 259 264]
  [646 282 284]
  [696 307 308]]

 [[766 334 334]
  [690 303 301]
  [642 281 277]
  ...
  [598 255 258]
  [642 277 281]
  [690 301 303]]

 [[748 313 313]
  [688 297 295]
  [640 276 273]
  ...
  [593 249 252]
  [640 273 276]
  [688 295 297]]

 ...

 [[ 10  -2  -2]
  [ 10  -4  -3]
  [  9  -6  -2]
  ...
  [  7  -1 -10]
  [  9  -2  -6]
  [ 10  -3  -4]]

 [[-74 -25 -25]
  [-74 -25 -26]
  [-71 -22 -25]
  ...
  [-67 -26 -24]
  [-71 -25 -22]
  [-74 -26 -25]]

 [[-37  74  74]
  [-33  77  77]
  [-33  80  74]
  ...
  [-33  72  78]
  [-33  74  80]
  [-33  77  77]]]
2021-06-09 18:39:11,195:WARNING:Clipping input data to the valid range for imshow with RGB data ([0..1] for floats or [0..255] for integers).
2021-06-09 18:39:13,937:INFO:image2_menu after choosing magnitude ['Phase', 'uniPhase']
2021-06-09 18:39:13,940:INFO:Choice 1 is [[[174622.          43152.63157676  43152.63157676]
  [ 22363.29074126  14553.89343794  13544.70388122]
  [ 15122.16177089  15663.44594445  16266.80795577]
  ...
  [ 56180.81858978  14596.8206855   12374.79804725]
  [ 15122.16177089  16266.80795577  15663.44594445]
  [ 22363.29074126  13544.70388122  14553.89343794]]

 [[177489.          43691.02786614  43691.02786614]
  [ 24142.30902716  14924.53710445  12940.88172716]
  [ 14490.48603258  15824.26478258  16210.0456099 ]
  ...
  [ 54255.76651661  14886.51901939  12434.59850386]
  [ 14490.48603258  16210.0456099   15824.26478258]
  [ 24142.30902716  12940.88172716  14924.53710445]]

 [[182187.          44438.82181156  44438.82181156]
  [ 26777.47900459  15468.42291797  12062.02340228]
  [ 14019.83480545  16042.57015369  16022.01733234]
  ...
  [ 53270.84521229  15254.72218041  12655.11915871]
  [ 14019.83480545  16022.01733234  16042.57015369]
  [ 26777.47900459  12062.02340228  15468.42291797]]

 ...

 [[197384.          81403.96581863  81403.96581863]
  [ 26753.42774064  17277.42751873  18883.05079219]
  [ 24662.86696339   2092.82828565   2012.89774793]
  ...
  [ 11498.95566493   1318.63721682    584.07073243]
  [ 24662.86696339   2012.89774793   2092.82828565]
  [ 26753.42774064  18883.05079219  17277.42751873]]

 [[197128.          80108.01780721  80108.01780721]
  [ 27020.63962696  16914.77334646  18515.78196877]
  [ 25679.99528111   2591.94356226   2535.98564615]
  ...
  [ 10853.1546295    1512.37737115    804.31514348]
  [ 25679.99528111   2535.98564615   2591.94356226]
  [ 27020.63962696  18515.78196877  16914.77334646]]

 [[196306.          79221.37087302  79221.37087302]
  [ 27203.81166265  16656.18495658  18305.95135418]
  [ 26938.37778851   2909.38442407   2852.7602227 ]
  ...
  [ 10147.71041229   1570.49559917    962.0613645 ]
  [ 26938.37778851   2852.7602227    2909.38442407]
  [ 27203.81166265  18305.95135418  16656.18495658]]]
2021-06-09 18:39:13,943:INFO:Choice 2 is [[[ 0.          0.          0.        ]
  [ 0.          0.          0.        ]
  [ 0.          0.          0.        ]
  ...
  [ 0.          0.          0.        ]
  [ 0.          0.          0.        ]
  [ 0.          0.          0.        ]]

 [[ 0.          0.          0.        ]
  [ 0.          0.          0.        ]
  [ 0.          0.          0.        ]
  ...
  [ 0.          0.          0.        ]
  [ 0.          0.          0.        ]
  [ 0.          0.          0.        ]]

 [[ 0.          0.          0.        ]
  [ 0.          0.          0.        ]
  [ 0.          0.          0.        ]
  ...
  [ 0.          0.          0.        ]
  [ 0.          0.          0.        ]
  [ 0.          0.          0.        ]]

 ...

 [[ 0.         -0.7436697   0.7436697 ]
  [ 1.25945092  2.28023489 -1.74072014]
  [ 1.02699548 -2.5465993  -1.98744436]
  ...
  [-0.53408522  1.46035191 -3.07179954]
  [-1.02699548  1.98744436  2.5465993 ]
  [-1.25945092  1.74072014 -2.28023489]]

 [[ 0.         -0.74083563  0.74083563]
  [ 1.22229377  2.38035398 -1.70106549]
  [ 0.8946217  -2.53776066 -2.09073952]
  ...
  [-0.3068609   1.29087428  3.09041954]
  [-0.8946217   2.09073952  2.53776066]
  [-1.22229377  1.70106549 -2.38035398]]

 [[ 0.         -0.7388476   0.7388476 ]
  [ 1.19039396  2.38260788 -1.6828768 ]
  [ 0.74690468 -2.54213139 -2.09373068]
  ...
  [-0.03617301  1.563032   -3.03836899]
  [-0.74690468  2.09373068  2.54213139]
  [-1.19039396  1.6828768  -2.38260788]]]
2021-06-09 18:39:14,215:INFO:component 1 is Magnitude and component 2 is Phase and their combined array is [[[ 1.78230780e+05+0.00000000e+00j  4.27208136e+04-1.57858942e+02j
    4.27208136e+04+1.57858942e+02j]
  [ 2.21394194e+04-1.02756487e+02j  1.44073247e+04-1.72260660e+02j
    1.34069064e+04-2.51055431e+02j]
  [ 1.49696518e+04+1.96405360e+02j  1.55021194e+04+3.81440882e+02j
    1.60989520e+04+4.08734861e+02j]
  ...
  [ 5.56169034e+04+4.84120807e+02j  1.44504991e+04-1.01062382e+02j
    1.22509456e+04-5.05981490e+01j]
  [ 1.49696518e+04-1.96405360e+02j  1.60989520e+04-4.08734861e+02j
    1.55021194e+04-3.81440882e+02j]
  [ 2.21394194e+04+1.02756487e+02j  1.34069064e+04+2.51055431e+02j
    1.44073247e+04+1.72260660e+02j]]

 [[ 1.81069110e+05+0.00000000e+00j  4.32538260e+04-1.58812726e+02j
    4.32538260e+04+1.58812726e+02j]
  [ 2.39006075e+04-1.15361674e+02j  1.47742743e+04-1.73393441e+02j
    1.28092903e+04-2.36473072e+02j]
  [ 1.43440095e+04+2.12348469e+02j  1.56613022e+04+3.84530516e+02j
    1.60428679e+04+4.03649423e+02j]
  ...
  [ 5.37109329e+04+4.94456981e+02j  1.47373068e+04-1.01138156e+02j
    1.23101348e+04-5.38346960e+01j]
  [ 1.43440095e+04-2.12348469e+02j  1.60428679e+04-4.03649423e+02j
    1.56613022e+04-3.84530516e+02j]
  [ 2.39006075e+04+1.15361674e+02j  1.28092903e+04+2.36473072e+02j
    1.47742743e+04+1.73393441e+02j]]

 [[ 1.85720130e+05+0.00000000e+00j  4.39941448e+04-1.59420434e+02j
    4.39941448e+04+1.59420434e+02j]
  [ 2.65093960e+04-1.27840442e+02j  1.53127384e+04-1.75026147e+02j
    1.19394725e+04-2.14720993e+02j]
  [ 1.38778727e+04+2.21260862e+02j  1.58773985e+04+3.88239873e+02j
    1.58569237e+04+3.93164642e+02j]
  ...
  [ 5.27357198e+04+5.04903478e+02j  1.51018422e+04-1.00257958e+02j
    1.25284310e+04-5.85855272e+01j]
  [ 1.38778727e+04-2.21260862e+02j  1.58569237e+04-3.93164642e+02j
    1.58773985e+04-3.88239873e+02j]
  [ 2.65093960e+04+1.27840442e+02j  1.19394725e+04+2.14720993e+02j
    1.53127384e+04+1.75026147e+02j]]

 ...

 [[ 1.99874380e+05+0.00000000e+00j  5.95080819e+04-5.44498763e+04j
    5.95080819e+04+5.44498763e+04j]
  [ 8.22678372e+03+2.55052958e+04j -1.11350099e+04+1.30028540e+04j
   -3.41549610e+03-1.84046782e+04j]
  [ 1.29084066e+04+2.09488318e+04j -1.71182107e+03-1.20184972e+03j
   -7.47057722e+02-1.85553236e+03j]
  ...
  [ 9.92188932e+03-5.81649625e+03j  1.98284043e+02+1.29523353e+03j
   -5.79660671e+02-5.64866997e+01j]
  [ 1.29084066e+04-2.09488318e+04j -7.47057722e+02+1.85553236e+03j
   -1.71182107e+03+1.20184972e+03j]
  [ 8.22678372e+03-2.55052958e+04j -3.41549610e+03+1.84046782e+04j
   -1.11350099e+04-1.30028540e+04j]]

 [[ 1.99658250e+05+0.00000000e+00j  5.87101050e+04-5.34160220e+04j
    5.87101050e+04+5.34160220e+04j]
  [ 9.26470223e+03+2.54297481e+04j -1.21111726e+04+1.15851775e+04j
   -2.63476385e+03-1.81648761e+04j]
  [ 1.61753675e+04+1.98534787e+04j -2.10294658e+03-1.50371812e+03j
   -1.17649814e+03-2.22750920e+03j]
  ...
  [ 1.03493776e+04-3.25208995e+03j  4.73429868e+02+1.42516389e+03j
   -7.96935995e+02+7.37972912e+01j]
  [ 1.61753675e+04-1.98534787e+04j -1.17649814e+03+2.22750920e+03j
   -2.10294658e+03+1.50371812e+03j]
  [ 9.26470223e+03-2.54297481e+04j -2.63476385e+03+1.81648761e+04j
   -1.21111726e+04-1.15851775e+04j]]

 [[ 1.98863160e+05+0.00000000e+00j  5.81646382e+04-5.27085418e+04j
    5.81646382e+04+5.27085418e+04j]
  [ 1.01480744e+04+2.52948040e+04j -1.19542028e+04+1.13788906e+04j
   -2.27924786e+03-1.80028680e+04j]
  [ 1.98235501e+04+1.81156080e+04j -2.36567565e+03-1.67579385e+03j
   -1.33166503e+03-2.50114637e+03j]
  ...
  [ 1.01321471e+04-3.65184564e+02j  8.08636065e+01+1.55599129e+03j
   -9.49275808e+02-1.15170885e+02j]
  [ 1.98235501e+04-1.81156080e+04j -1.33166503e+03+2.50114637e+03j
   -2.36567565e+03+1.67579385e+03j]
  [ 1.01480744e+04-2.52948040e+04j -2.27924786e+03+1.80028680e+04j
   -1.19542028e+04-1.13788906e+04j]]] 
2021-06-09 18:39:14,342:INFO:Combined array after ifft [[[722 285 285]
  [635 247 246]
  [587 226 224]
  ...
  [593 251 256]
  [626 262 264]
  [663 274 275]]

 [[702 270 270]
  [628 241 240]
  [581 220 217]
  ...
  [588 244 248]
  [620 254 258]
  [654 265 267]]

 [[689 254 255]
  [628 237 236]
  [581 216 214]
  ...
  [584 240 243]
  [617 249 253]
  [650 257 260]]

 ...

 [[201 159 117]
  [199 159 115]
  [197 160 116]
  ...
  [203 158 115]
  [203 160 116]
  [202 159 116]]

 [[212 173 134]
  [210 172 132]
  [205 169 129]
  ...
  [214 170 124]
  [213 172 129]
  [213 173 133]]

 [[200 165 132]
  [196 161 130]
  [190 157 127]
  ...
  [214 172 134]
  [209 170 133]
  [206 167 132]]]
2021-06-09 18:39:14,351:WARNING:Clipping input data to the valid range for imshow with RGB data ([0..1] for floats or [0..255] for integers).
2021-06-09 18:39:19,739:INFO:Choice 1 is [[[174622.          43152.63157676  43152.63157676]
  [ 22363.29074126  14553.89343794  13544.70388122]
  [ 15122.16177089  15663.44594445  16266.80795577]
  ...
  [ 56180.81858978  14596.8206855   12374.79804725]
  [ 15122.16177089  16266.80795577  15663.44594445]
  [ 22363.29074126  13544.70388122  14553.89343794]]

 [[177489.          43691.02786614  43691.02786614]
  [ 24142.30902716  14924.53710445  12940.88172716]
  [ 14490.48603258  15824.26478258  16210.0456099 ]
  ...
  [ 54255.76651661  14886.51901939  12434.59850386]
  [ 14490.48603258  16210.0456099   15824.26478258]
  [ 24142.30902716  12940.88172716  14924.53710445]]

 [[182187.          44438.82181156  44438.82181156]
  [ 26777.47900459  15468.42291797  12062.02340228]
  [ 14019.83480545  16042.57015369  16022.01733234]
  ...
  [ 53270.84521229  15254.72218041  12655.11915871]
  [ 14019.83480545  16022.01733234  16042.57015369]
  [ 26777.47900459  12062.02340228  15468.42291797]]

 ...

 [[197384.          81403.96581863  81403.96581863]
  [ 26753.42774064  17277.42751873  18883.05079219]
  [ 24662.86696339   2092.82828565   2012.89774793]
  ...
  [ 11498.95566493   1318.63721682    584.07073243]
  [ 24662.86696339   2012.89774793   2092.82828565]
  [ 26753.42774064  18883.05079219  17277.42751873]]

 [[197128.          80108.01780721  80108.01780721]
  [ 27020.63962696  16914.77334646  18515.78196877]
  [ 25679.99528111   2591.94356226   2535.98564615]
  ...
  [ 10853.1546295    1512.37737115    804.31514348]
  [ 25679.99528111   2535.98564615   2591.94356226]
  [ 27020.63962696  18515.78196877  16914.77334646]]

 [[196306.          79221.37087302  79221.37087302]
  [ 27203.81166265  16656.18495658  18305.95135418]
  [ 26938.37778851   2909.38442407   2852.7602227 ]
  ...
  [ 10147.71041229   1570.49559917    962.0613645 ]
  [ 26938.37778851   2852.7602227    2909.38442407]
  [ 27203.81166265  18305.95135418  16656.18495658]]]
2021-06-09 18:39:19,741:INFO:Choice 2 is [[[ 0.          0.          0.        ]
  [ 0.          0.          0.        ]
  [ 0.          0.          0.        ]
  ...
  [ 0.          0.          0.        ]
  [ 0.          0.          0.        ]
  [ 0.          0.          0.        ]]

 [[ 0.          0.          0.        ]
  [ 0.          0.          0.        ]
  [ 0.          0.          0.        ]
  ...
  [ 0.          0.          0.        ]
  [ 0.          0.          0.        ]
  [ 0.          0.          0.        ]]

 [[ 0.          0.          0.        ]
  [ 0.          0.          0.        ]
  [ 0.          0.          0.        ]
  ...
  [ 0.          0.          0.        ]
  [ 0.          0.          0.        ]
  [ 0.          0.          0.        ]]

 ...

 [[ 0.         -0.7436697   0.7436697 ]
  [ 1.25945092  2.28023489 -1.74072014]
  [ 1.02699548 -2.5465993  -1.98744436]
  ...
  [-0.53408522  1.46035191 -3.07179954]
  [-1.02699548  1.98744436  2.5465993 ]
  [-1.25945092  1.74072014 -2.28023489]]

 [[ 0.         -0.74083563  0.74083563]
  [ 1.22229377  2.38035398 -1.70106549]
  [ 0.8946217  -2.53776066 -2.09073952]
  ...
  [-0.3068609   1.29087428  3.09041954]
  [-0.8946217   2.09073952  2.53776066]
  [-1.22229377  1.70106549 -2.38035398]]

 [[ 0.         -0.7388476   0.7388476 ]
  [ 1.19039396  2.38260788 -1.6828768 ]
  [ 0.74690468 -2.54213139 -2.09373068]
  ...
  [-0.03617301  1.563032   -3.03836899]
  [-0.74690468  2.09373068  2.54213139]
  [-1.19039396  1.6828768  -2.38260788]]]
2021-06-09 18:39:20,025:INFO:component 1 is Magnitude and component 2 is Phase and their combined array is [[[ 1.78230780e+05    +0.j          4.27199387e+04  -315.71572956j
    4.27199387e+04  +315.71572956j]
  [ 2.21387040e+04  -205.51076117j  1.44042355e+04  -344.49669722j
    1.33998560e+04  -502.02285026j]
  [ 1.49657868e+04  +392.77691457j  1.54880459e+04  +762.65092819j
    1.60833919e+04  +817.20637947j]
  ...
  [ 5.56105826e+04  +968.20493541j  1.44494389e+04  -202.11982081j
    1.22506321e+04  -101.19543493j]
  [ 1.49657868e+04  -392.77691457j  1.60833919e+04  -817.20637947j
    1.54880459e+04  -762.65092819j]
  [ 2.21387040e+04  +205.51076117j  1.33998560e+04  +502.02285026j
    1.44042355e+04  +344.49669722j]]

 [[ 1.81069110e+05    +0.j          4.32529514e+04  -317.6233111j
    4.32529514e+04  +317.6233111j ]
  [ 2.38997723e+04  -230.72066054j  1.47712221e+04  -346.76300091j
    1.28027433e+04  -472.86557286j]
  [ 1.43392947e+04  +424.65040691j  1.56471451e+04  +768.8293251j
    1.60276394e+04  +807.04343359j]
  ...
  [ 5.37041054e+04  +988.87206063j  1.47362657e+04  -202.2715494j
    1.23097817e+04  -107.66836251j]
  [ 1.43392947e+04  -424.65040691j  1.60276394e+04  -807.04343359j
    1.56471451e+04  -768.8293251j ]
  [ 2.38997723e+04  +230.72066054j  1.28027433e+04  +472.86557286j
    1.47712221e+04  +346.76300091j]]

 [[ 1.85720130e+05    +0.j          4.39932782e+04  -318.8387742j
    4.39932782e+04  +318.8387742j ]
  [ 2.65084712e+04  -255.67791116j  1.53097378e+04  -350.0294303j
    1.19336813e+04  -429.37255653j]
  [ 1.38725820e+04  +442.46549157j  1.58631634e+04  +776.24771467j
    1.58423065e+04  +786.0876907j ]
  ...
  [ 5.27284691e+04 +1009.76067682j  1.51008438e+04  -200.51149654j
    1.25280201e+04  -117.16977336j]
  [ 1.38725820e+04  -442.46549157j  1.58423065e+04  -786.0876907j
    1.58631634e+04  -776.24771467j]
  [ 2.65084712e+04  +255.67791116j  1.19336813e+04  +429.37255653j
    1.53097378e+04  +350.0294303j ]]

 ...

 [[ 1.99874380e+05    +0.j          5.96510255e+04-54293.24078703j
    5.96510255e+04+54293.24078703j]
  [ 8.24388965e+03+25499.77193883j -1.11185026e+04+13016.9719712j
   -3.66485912e+03-18356.65001954j]
  [ 1.30846740e+04+20839.18955226j -1.69097973e+03 -1231.00027525j
   -6.83751470e+02 -1879.78177493j]
  ...
  [ 9.94422786e+03 -5778.22191196j  2.51803399e+02 +1285.9010496j
   -5.77899308e+02   -72.31618643j]
  [ 1.30846740e+04-20839.18955226j -6.83751470e+02 +1879.78177493j
   -1.69097973e+03 +1231.00027525j]
  [ 8.24388965e+03-25499.77193883j -3.66485912e+03+18356.65001954j
   -1.11185026e+04-13016.9719712j ]]

 [[ 1.99658250e+05    +0.j          5.88497389e+04-53262.14478068j
    5.88497389e+04+53262.14478068j]
  [ 9.28699668e+03+25421.61459639j -1.20883747e+04+11608.96358127j
   -2.88469915e+03-18126.86447944j]
  [ 1.63235761e+04+19731.80153061j -2.07719566e+03 -1539.09411745j
   -1.10006060e+03 -2266.23294686j]
  ...
  [ 1.03571537e+04 -3227.23915908j  5.31169401e+02 +1404.66615666j
   -7.93223873e+02  +106.53124682j]
  [ 1.63235761e+04-19731.80153061j -1.10006060e+03 +2266.23294686j
   -2.07719566e+03 +1539.09411745j]
  [ 9.28699668e+03-25421.61459639j -2.88469915e+03+18126.86447944j
   -1.20883747e+04-11608.96358127j]]

 [[ 1.98863160e+05    +0.j          5.83025358e+04-52555.96860623j
    5.83025358e+04+52555.96860623j]
  [ 1.01766820e+04+25283.30803437j -1.19341359e+04+11399.93492526j
   -2.52843699e+03-17969.56409879j]
  [ 1.99407751e+04+17986.4916132j  -2.33707697e+03 -1715.4525653j
   -1.24666956e+03 -2544.57853288j]
  ...
  [ 1.01322005e+04  -363.70082529j  1.49472151e+02 +1550.90486102j
   -9.47113584e+02  -131.77538165j]
  [ 1.99407751e+04-17986.4916132j  -1.24666956e+03 +2544.57853288j
   -2.33707697e+03 +1715.4525653j ]
  [ 1.01766820e+04-25283.30803437j -2.52843699e+03+17969.56409879j
   -1.19341359e+04-11399.93492526j]]] 
2021-06-09 18:39:20,149:INFO:Combined array after ifft [[[721 285 285]
  [634 246 246]
  [586 225 223]
  ...
  [594 251 257]
  [627 263 265]
  [664 274 277]]

 [[702 270 270]
  [627 240 239]
  [580 219 217]
  ...
  [589 245 249]
  [620 255 259]
  [655 266 268]]

 [[689 255 255]
  [628 237 237]
  [581 216 214]
  ...
  [584 240 244]
  [618 250 254]
  [650 257 261]]

 ...

 [[204 160 118]
  [202 160 116]
  [199 161 117]
  ...
  [204 159 115]
  [205 160 117]
  [204 160 117]]

 [[215 175 136]
  [212 173 133]
  [207 170 130]
  ...
  [216 171 125]
  [215 172 129]
  [215 174 134]]

 [[204 166 134]
  [199 162 132]
  [193 158 128]
  ...
  [216 172 135]
  [211 171 134]
  [209 168 134]]]
2021-06-09 18:39:20,158:WARNING:Clipping input data to the valid range for imshow with RGB data ([0..1] for floats or [0..255] for integers).
2021-06-09 18:39:20,480:INFO:Choice 1 is [[[174622.          43152.63157676  43152.63157676]
  [ 22363.29074126  14553.89343794  13544.70388122]
  [ 15122.16177089  15663.44594445  16266.80795577]
  ...
  [ 56180.81858978  14596.8206855   12374.79804725]
  [ 15122.16177089  16266.80795577  15663.44594445]
  [ 22363.29074126  13544.70388122  14553.89343794]]

 [[177489.          43691.02786614  43691.02786614]
  [ 24142.30902716  14924.53710445  12940.88172716]
  [ 14490.48603258  15824.26478258  16210.0456099 ]
  ...
  [ 54255.76651661  14886.51901939  12434.59850386]
  [ 14490.48603258  16210.0456099   15824.26478258]
  [ 24142.30902716  12940.88172716  14924.53710445]]

 [[182187.          44438.82181156  44438.82181156]
  [ 26777.47900459  15468.42291797  12062.02340228]
  [ 14019.83480545  16042.57015369  16022.01733234]
  ...
  [ 53270.84521229  15254.72218041  12655.11915871]
  [ 14019.83480545  16022.01733234  16042.57015369]
  [ 26777.47900459  12062.02340228  15468.42291797]]

 ...

 [[197384.          81403.96581863  81403.96581863]
  [ 26753.42774064  17277.42751873  18883.05079219]
  [ 24662.86696339   2092.82828565   2012.89774793]
  ...
  [ 11498.95566493   1318.63721682    584.07073243]
  [ 24662.86696339   2012.89774793   2092.82828565]
  [ 26753.42774064  18883.05079219  17277.42751873]]

 [[197128.          80108.01780721  80108.01780721]
  [ 27020.63962696  16914.77334646  18515.78196877]
  [ 25679.99528111   2591.94356226   2535.98564615]
  ...
  [ 10853.1546295    1512.37737115    804.31514348]
  [ 25679.99528111   2535.98564615   2591.94356226]
  [ 27020.63962696  18515.78196877  16914.77334646]]

 [[196306.          79221.37087302  79221.37087302]
  [ 27203.81166265  16656.18495658  18305.95135418]
  [ 26938.37778851   2909.38442407   2852.7602227 ]
  ...
  [ 10147.71041229   1570.49559917    962.0613645 ]
  [ 26938.37778851   2852.7602227    2909.38442407]
  [ 27203.81166265  18305.95135418  16656.18495658]]]
2021-06-09 18:39:20,484:INFO:Choice 2 is [[[ 0.          0.          0.        ]
  [ 0.          0.          0.        ]
  [ 0.          0.          0.        ]
  ...
  [ 0.          0.          0.        ]
  [ 0.          0.          0.        ]
  [ 0.          0.          0.        ]]

 [[ 0.          0.          0.        ]
  [ 0.          0.          0.        ]
  [ 0.          0.          0.        ]
  ...
  [ 0.          0.          0.        ]
  [ 0.          0.          0.        ]
  [ 0.          0.          0.        ]]

 [[ 0.          0.          0.        ]
  [ 0.          0.          0.        ]
  [ 0.          0.          0.        ]
  ...
  [ 0.          0.          0.        ]
  [ 0.          0.          0.        ]
  [ 0.          0.          0.        ]]

 ...

 [[ 0.         -0.7436697   0.7436697 ]
  [ 1.25945092  2.28023489 -1.74072014]
  [ 1.02699548 -2.5465993  -1.98744436]
  ...
  [-0.53408522  1.46035191 -3.07179954]
  [-1.02699548  1.98744436  2.5465993 ]
  [-1.25945092  1.74072014 -2.28023489]]

 [[ 0.         -0.74083563  0.74083563]
  [ 1.22229377  2.38035398 -1.70106549]
  [ 0.8946217  -2.53776066 -2.09073952]
  ...
  [-0.3068609   1.29087428  3.09041954]
  [-0.8946217   2.09073952  2.53776066]
  [-1.22229377  1.70106549 -2.38035398]]

 [[ 0.         -0.7388476   0.7388476 ]
  [ 1.19039396  2.38260788 -1.6828768 ]
  [ 0.74690468 -2.54213139 -2.09373068]
  ...
  [-0.03617301  1.563032   -3.03836899]
  [-0.74690468  2.09373068  2.54213139]
  [-1.19039396  1.6828768  -2.38260788]]]
2021-06-09 18:39:20,795:INFO:component 1 is Magnitude and component 2 is Phase and their combined array is [[[178230.78          +0.j          42615.86142102 -2996.86337121j
    42615.86142102 +2996.86337121j]
  [ 22053.62852005 -1949.85078905j  14038.19631096 -3244.95359525j
    12569.64727062 -4670.3465137j ]
  [ 14508.22918849 +3693.28239976j  13843.49297018 +6987.0526559j
    14267.25526865 +7469.1865857j ]
  ...
  [ 54860.11432315 +9156.53726896j  14323.46381792 -1914.55520064j
    12213.34907742  -960.38120136j]
  [ 14508.22918849 -3693.28239976j  14267.25526865 -7469.1865857j
    13843.49297018 -6987.0526559j ]
  [ 22053.62852005 +1949.85078905j  12569.64727062 +4670.3465137j
    14038.19631096 +3244.95359525j]]

 [[181069.11          +0.j          43148.91021673 -3015.00172142j
    43148.91021673 +3015.00172142j]
  [ 23800.45089094 -2188.80925533j  14409.50640676 -3267.3186133j
    12031.58067366 -4401.69338027j]
  [ 13781.91201415 +3981.78357071j  13992.6983553  +7044.7599153j
    14249.59271698 +7381.43963325j]
  ...
  [ 52893.69189859 +9346.98681157j  14612.55007423 -1916.19955045j
    12267.78199032 -1021.68591803j]
  [ 13781.91201415 -3981.78357071j  14249.59271698 -7381.43963325j
    13992.6983553  -7044.7599153j ]
  [ 23800.45089094 +2188.80925533j  12031.58067366 +4401.69338027j
    14409.50640676 +3267.3186133j ]]

 [[185720.13          +0.j          43890.20238163 -3026.60240335j
    43890.20238163 +3026.60240335j]
  [ 26398.50329966 -2425.58056575j  14954.06114766 -3299.49205494j
    11251.18107064 -4001.00414178j]
  [ 13247.77467139 +4140.14183881j  14199.34612079 +7114.84941099j
    14134.69063484 +7197.71698325j]
  ...
  [ 51868.00595194 +9540.49409116j  14982.19577188 -1899.8679779j
    12479.151247   -1111.66517501j]
  [ 13247.77467139 -4140.14183881j  14134.69063484 -7197.71698325j
    14199.34612079 -7114.84941099j]
  [ 26398.50329966 +2425.58056575j  11251.18107064 +4001.00414178j
    14954.06114766 +3299.49205494j]]

 ...

 [[199874.38          +0.j          62017.19186625-51573.91543092j
    62017.19186625+51573.91543092j]
  [  8534.11664378+25404.11263015j -10835.16079378+13253.75228205j
    -7763.96168246-17032.87090554j]
  [ 15928.7736381 +18755.12426713j  -1266.2697269  -1664.73274184j
      450.78814342 -1948.81647259j]
  ...
  [ 10301.13136875 -5114.90065931j   1024.98810564  +816.30009468j
     -484.13759582  -323.74068192j]
  [ 15928.7736381 -18755.12426713j    450.78814342 +1948.81647259j
    -1266.2697269  +1664.73274184j]
  [  8534.11664378-25404.11263015j  -7763.96168246+17032.87090554j
   -10835.16079378-13253.75228205j]]

 [[199658.25          +0.j          61161.03947945-50591.25502012j
    61161.03947945+50591.25502012j]
  [  9664.89586626+25280.35964809j -11693.7363919 +12006.38862456j
    -7011.68745817-16962.92852144j]
  [ 18696.50931703+17499.81904304j  -1555.04345148 -2065.28263797j
      317.48384778 -2499.02963232j]
  ...
  [ 10480.18280468 -2802.0481488j    1306.48550607  +740.48873475j
     -538.17897166  +592.38198355j]
  [ 18696.50931703-17499.81904304j    317.48384778 +2499.02963232j
    -1555.04345148 +2065.28263797j]
  [  9664.89586626-25280.35964809j  -7011.68745817+16962.92852144j
   -11693.7363919 -12006.38862456j]]

 [[198863.16          +0.j          60584.8005775 -49907.8897657j
    60584.8005775 +49907.8897657j ]
  [ 10660.98907875+25082.93909671j -11587.38157438+11752.22121851j
    -6651.84028605-16883.46079184j]
  [ 21801.04001857+15680.02065817j  -1756.530863   -2306.36198591j
      331.09964342 -2814.14959283j]
  ...
  [ 10133.0745285   -338.47609137j   1167.23492428 +1032.09032713j
     -866.80443131  -403.78084347j]
  [ 21801.04001857-15680.02065817j    331.09964342 +2814.14959283j
    -1756.530863   +2306.36198591j]
  [ 10660.98907875-25082.93909671j  -6651.84028605+16883.46079184j
   -11587.38157438-11752.22121851j]]] 
2021-06-09 18:39:20,931:INFO:Combined array after ifft [[[688 276 273]
  [588 221 224]
  [545 205 206]
  ...
  [588 253 264]
  [616 263 273]
  [652 277 287]]

 [[672 264 261]
  [588 220 223]
  [543 202 203]
  ...
  [581 246 257]
  [609 255 267]
  [640 267 277]]

 [[665 251 256]
  [604 228 238]
  [556 206 214]
  ...
  [566 230 247]
  [600 243 260]
  [630 250 267]]

 ...

 [[261 183 140]
  [246 181 136]
  [234 179 133]
  ...
  [233 168 119]
  [240 171 123]
  [248 176 130]]

 [[274 195 159]
  [260 192 154]
  [250 188 150]
  ...
  [241 178 129]
  [249 184 141]
  [260 189 151]]

 [[268 190 163]
  [253 184 156]
  [239 176 149]
  ...
  [248 182 147]
  [251 185 150]
  [259 187 154]]]
2021-06-09 18:39:20,943:WARNING:Clipping input data to the valid range for imshow with RGB data ([0..1] for floats or [0..255] for integers).
2021-06-09 18:39:24,285:INFO:Choice 1 is [[[174622.          43152.63157676  43152.63157676]
  [ 22363.29074126  14553.89343794  13544.70388122]
  [ 15122.16177089  15663.44594445  16266.80795577]
  ...
  [ 56180.81858978  14596.8206855   12374.79804725]
  [ 15122.16177089  16266.80795577  15663.44594445]
  [ 22363.29074126  13544.70388122  14553.89343794]]

 [[177489.          43691.02786614  43691.02786614]
  [ 24142.30902716  14924.53710445  12940.88172716]
  [ 14490.48603258  15824.26478258  16210.0456099 ]
  ...
  [ 54255.76651661  14886.51901939  12434.59850386]
  [ 14490.48603258  16210.0456099   15824.26478258]
  [ 24142.30902716  12940.88172716  14924.53710445]]

 [[182187.          44438.82181156  44438.82181156]
  [ 26777.47900459  15468.42291797  12062.02340228]
  [ 14019.83480545  16042.57015369  16022.01733234]
  ...
  [ 53270.84521229  15254.72218041  12655.11915871]
  [ 14019.83480545  16022.01733234  16042.57015369]
  [ 26777.47900459  12062.02340228  15468.42291797]]

 ...

 [[197384.          81403.96581863  81403.96581863]
  [ 26753.42774064  17277.42751873  18883.05079219]
  [ 24662.86696339   2092.82828565   2012.89774793]
  ...
  [ 11498.95566493   1318.63721682    584.07073243]
  [ 24662.86696339   2012.89774793   2092.82828565]
  [ 26753.42774064  18883.05079219  17277.42751873]]

 [[197128.          80108.01780721  80108.01780721]
  [ 27020.63962696  16914.77334646  18515.78196877]
  [ 25679.99528111   2591.94356226   2535.98564615]
  ...
  [ 10853.1546295    1512.37737115    804.31514348]
  [ 25679.99528111   2535.98564615   2591.94356226]
  [ 27020.63962696  18515.78196877  16914.77334646]]

 [[196306.          79221.37087302  79221.37087302]
  [ 27203.81166265  16656.18495658  18305.95135418]
  [ 26938.37778851   2909.38442407   2852.7602227 ]
  ...
  [ 10147.71041229   1570.49559917    962.0613645 ]
  [ 26938.37778851   2852.7602227    2909.38442407]
  [ 27203.81166265  18305.95135418  16656.18495658]]]
2021-06-09 18:39:24,288:INFO:Choice 2 is [[[ 0.          0.          0.        ]
  [ 0.          0.          0.        ]
  [ 0.          0.          0.        ]
  ...
  [ 0.          0.          0.        ]
  [ 0.          0.          0.        ]
  [ 0.          0.          0.        ]]

 [[ 0.          0.          0.        ]
  [ 0.          0.          0.        ]
  [ 0.          0.          0.        ]
  ...
  [ 0.          0.          0.        ]
  [ 0.          0.          0.        ]
  [ 0.          0.          0.        ]]

 [[ 0.          0.          0.        ]
  [ 0.          0.          0.        ]
  [ 0.          0.          0.        ]
  ...
  [ 0.          0.          0.        ]
  [ 0.          0.          0.        ]
  [ 0.          0.          0.        ]]

 ...

 [[ 0.         -0.7436697   0.7436697 ]
  [ 1.25945092  2.28023489 -1.74072014]
  [ 1.02699548 -2.5465993  -1.98744436]
  ...
  [-0.53408522  1.46035191 -3.07179954]
  [-1.02699548  1.98744436  2.5465993 ]
  [-1.25945092  1.74072014 -2.28023489]]

 [[ 0.         -0.74083563  0.74083563]
  [ 1.22229377  2.38035398 -1.70106549]
  [ 0.8946217  -2.53776066 -2.09073952]
  ...
  [-0.3068609   1.29087428  3.09041954]
  [-0.8946217   2.09073952  2.53776066]
  [-1.22229377  1.70106549 -2.38035398]]

 [[ 0.         -0.7388476   0.7388476 ]
  [ 1.19039396  2.38260788 -1.6828768 ]
  [ 0.74690468 -2.54213139 -2.09373068]
  ...
  [-0.03617301  1.563032   -3.03836899]
  [-0.74690468  2.09373068  2.54213139]
  [-1.19039396  1.6828768  -2.38260788]]]
2021-06-09 18:39:24,556:INFO:component 1 is Magnitude and component 2 is Phase and their combined array is [[[178230.78          +0.j          42604.49676296 -3154.31296736j
    42604.49676296 +3154.31296736j]
  [ 22044.34116877 -2052.18698824j  13998.397591   -3412.55686906j
    12480.00325646 -4904.86368664j]
  [ 14458.52805665 +3883.2995642j   13667.43468473 +7325.46459758j
    14073.08575284 +7828.89382645j]
  ...
  [ 54778.33545124 +9633.70559535j  14309.72405028 -2014.67986646j
    12209.2784334  -1010.81545023j]
  [ 14458.52805665 -3883.2995642j   14073.08575284 -7828.89382645j
    13667.43468473 -7325.46459758j]
  [ 22044.34116877 +2052.18698824j  12480.00325646 +4904.86368664j
    13998.397591   +3412.55686906j]]

 [[181069.11          +0.j          43137.54943122 -3173.40784346j
    43137.54943122 +3173.40784346j]
  [ 23789.60899431 -2303.66066641j  14370.17096638 -3436.1944363j
    11948.28487137 -4623.02138794j]
  [ 13721.46225777 +4185.35215704j  13815.56531407 +7386.09535406j
    14059.42117373 +7737.52026938j]
  ...
  [ 52805.40701896 +9833.50368287j  14599.05593197 -2016.43405156j
    12263.19668668 -1075.325114j  ]
  [ 13721.46225777 -4185.35215704j  14059.42117373 -7737.52026938j
    13815.56531407 -7386.09535406j]
  [ 23789.60899431 +2303.66066641j  11948.28487137 +4623.02138794j
    14370.17096638 +3436.1944363j ]]

 [[185720.13          +0.j          43878.94687496 -3185.62526869j
    43878.94687496 +3185.62526869j]
  [ 26386.49921812 -2552.85654809j  14915.373326   -3470.19180661j
    11177.41909939 -4202.66723682j]
  [ 13180.09158261 +4350.80384106j  14021.18012607 +7459.82709394j
    13951.93883302 +7545.86058135j]
  ...
  [ 51774.29023594+10036.62988751j  14969.25307721 -1999.28757083j
    12473.81649023 -1170.00746783j]
  [ 13180.09158261 -4350.80384106j  13951.93883302 -7545.86058135j
    14021.18012607 -7459.82709394j]
  [ 26386.49921812 +2552.85654809j  11177.41909939 +4202.66723682j
    14915.373326   +3470.19180661j]]

 ...

 [[199874.38          +0.j          62152.5659031 -51410.69335763j
    62152.5659031 +51410.69335763j]
  [  8551.15463218+25398.38262315j -10818.3353418 +13267.48956711j
    -7994.31464969-16925.97783212j]
  [ 16086.42725199+18620.07986438j  -1237.56366376 -1686.18216726j
      516.567522   -1932.42169034j]
  ...
  [ 10320.7637019  -5075.17022773j   1057.944253    +773.11087097j
     -475.10398957  -336.85818961j]
  [ 16086.42725199-18620.07986438j    516.567522   +1932.42169034j
    -1237.56366376 +1686.18216726j]
  [  8551.15463218-25398.38262315j  -7994.31464969+16925.97783212j
   -10818.3353418 -13267.48956711j]]

 [[199658.25          +0.j          61293.27017589-50430.97129604j
    61293.27017589+50430.97129604j]
  [  9687.05917062+25271.87528988j -11670.11131914+12029.35328295j
    -7244.65314657-16864.7474283j ]
  [ 18827.02312329+17359.32969605j  -1519.86679469 -2091.30519941j
      402.29145399 -2486.78641681j]
  ...
  [ 10486.87832022 -2776.88468332j   1335.60325254  +686.57985383j
     -513.34463295  +614.02793731j]
  [ 18827.02312329-17359.32969605j    402.29145399 +2486.78641681j
    -1519.86679469 +2091.30519941j]
  [  9687.05917062-25271.87528988j  -7244.65314657+16864.7474283j
   -11670.11131914-12029.35328295j]]

 [[198863.16          +0.j          60715.35214776-49748.98527059j
    60715.35214776+49748.98527059j]
  [ 10689.35669347+25070.86307541j -11566.65746827+11772.61866922j
    -6885.10176019-16789.68734827j]
  [ 21902.40659997+15538.11374852j  -1717.38431158 -2335.65781078j
      425.69386067 -2801.40137104j]
  ...
  [ 10133.12398575  -336.99221664j   1211.65747976  +979.55804501j
     -859.60118955  -418.89698807j]
  [ 21902.40659997-15538.11374852j    425.69386067 +2801.40137104j
    -1717.38431158 +2335.65781078j]
  [ 10689.35669347-25070.86307541j  -6885.10176019+16789.68734827j
   -11566.65746827-11772.61866922j]]] 
2021-06-09 18:39:24,675:INFO:Combined array after ifft [[[684 275 272]
  [584 219 222]
  [541 204 204]
  ...
  [586 253 264]
  [614 263 272]
  [650 276 286]]

 [[668 263 260]
  [585 219 222]
  [540 200 202]
  ...
  [579 246 257]
  [607 255 267]
  [638 267 277]]

 [[662 251 256]
  [601 227 237]
  [553 205 213]
  ...
  [564 229 247]
  [597 242 260]
  [627 249 267]]

 ...

 [[265 184 141]
  [248 182 137]
  [236 180 134]
  ...
  [234 168 119]
  [242 172 124]
  [251 176 130]]

 [[277 197 161]
  [263 194 155]
  [252 189 151]
  ...
  [242 178 130]
  [251 185 141]
  [262 190 152]]

 [[272 191 164]
  [256 185 158]
  [242 178 150]
  ...
  [250 183 147]
  [254 185 151]
  [262 188 155]]]
2021-06-09 18:39:24,685:WARNING:Clipping input data to the valid range for imshow with RGB data ([0..1] for floats or [0..255] for integers).
2021-06-09 18:39:25,131:INFO:Choice 1 is [[[174622.          43152.63157676  43152.63157676]
  [ 22363.29074126  14553.89343794  13544.70388122]
  [ 15122.16177089  15663.44594445  16266.80795577]
  ...
  [ 56180.81858978  14596.8206855   12374.79804725]
  [ 15122.16177089  16266.80795577  15663.44594445]
  [ 22363.29074126  13544.70388122  14553.89343794]]

 [[177489.          43691.02786614  43691.02786614]
  [ 24142.30902716  14924.53710445  12940.88172716]
  [ 14490.48603258  15824.26478258  16210.0456099 ]
  ...
  [ 54255.76651661  14886.51901939  12434.59850386]
  [ 14490.48603258  16210.0456099   15824.26478258]
  [ 24142.30902716  12940.88172716  14924.53710445]]

 [[182187.          44438.82181156  44438.82181156]
  [ 26777.47900459  15468.42291797  12062.02340228]
  [ 14019.83480545  16042.57015369  16022.01733234]
  ...
  [ 53270.84521229  15254.72218041  12655.11915871]
  [ 14019.83480545  16022.01733234  16042.57015369]
  [ 26777.47900459  12062.02340228  15468.42291797]]

 ...

 [[197384.          81403.96581863  81403.96581863]
  [ 26753.42774064  17277.42751873  18883.05079219]
  [ 24662.86696339   2092.82828565   2012.89774793]
  ...
  [ 11498.95566493   1318.63721682    584.07073243]
  [ 24662.86696339   2012.89774793   2092.82828565]
  [ 26753.42774064  18883.05079219  17277.42751873]]

 [[197128.          80108.01780721  80108.01780721]
  [ 27020.63962696  16914.77334646  18515.78196877]
  [ 25679.99528111   2591.94356226   2535.98564615]
  ...
  [ 10853.1546295    1512.37737115    804.31514348]
  [ 25679.99528111   2535.98564615   2591.94356226]
  [ 27020.63962696  18515.78196877  16914.77334646]]

 [[196306.          79221.37087302  79221.37087302]
  [ 27203.81166265  16656.18495658  18305.95135418]
  [ 26938.37778851   2909.38442407   2852.7602227 ]
  ...
  [ 10147.71041229   1570.49559917    962.0613645 ]
  [ 26938.37778851   2852.7602227    2909.38442407]
  [ 27203.81166265  18305.95135418  16656.18495658]]]
2021-06-09 18:39:25,134:INFO:Choice 2 is [[[ 0.          0.          0.        ]
  [ 0.          0.          0.        ]
  [ 0.          0.          0.        ]
  ...
  [ 0.          0.          0.        ]
  [ 0.          0.          0.        ]
  [ 0.          0.          0.        ]]

 [[ 0.          0.          0.        ]
  [ 0.          0.          0.        ]
  [ 0.          0.          0.        ]
  ...
  [ 0.          0.          0.        ]
  [ 0.          0.          0.        ]
  [ 0.          0.          0.        ]]

 [[ 0.          0.          0.        ]
  [ 0.          0.          0.        ]
  [ 0.          0.          0.        ]
  ...
  [ 0.          0.          0.        ]
  [ 0.          0.          0.        ]
  [ 0.          0.          0.        ]]

 ...

 [[ 0.         -0.7436697   0.7436697 ]
  [ 1.25945092  2.28023489 -1.74072014]
  [ 1.02699548 -2.5465993  -1.98744436]
  ...
  [-0.53408522  1.46035191 -3.07179954]
  [-1.02699548  1.98744436  2.5465993 ]
  [-1.25945092  1.74072014 -2.28023489]]

 [[ 0.         -0.74083563  0.74083563]
  [ 1.22229377  2.38035398 -1.70106549]
  [ 0.8946217  -2.53776066 -2.09073952]
  ...
  [-0.3068609   1.29087428  3.09041954]
  [-0.8946217   2.09073952  2.53776066]
  [-1.22229377  1.70106549 -2.38035398]]

 [[ 0.         -0.7388476   0.7388476 ]
  [ 1.19039396  2.38260788 -1.6828768 ]
  [ 0.74690468 -2.54213139 -2.09373068]
  ...
  [-0.03617301  1.563032   -3.03836899]
  [-0.74690468  2.09373068  2.54213139]
  [-1.19039396  1.6828768  -2.38260788]]]
2021-06-09 18:39:25,419:INFO:component 1 is Magnitude and component 2 is Phase and their combined array is [[[178230.78          +0.j          42508.66582371 -4255.13391202j
    42508.66582371 +4255.13391202j]
  [ 21966.04579834 -2767.17924703j  13664.13432129 -4570.78907302j
    11731.94548695 -6493.81429954j]
  [ 14041.47276358 +5192.88856995j  12210.02489298 +9559.10532133j
    12467.75158061+10193.06095719j]
  ...
  [ 54090.06186717+12951.42947755j  14193.99074756 -2712.51986493j
    12174.95686551 -1363.32426871j]
  [ 14041.47276358 -5192.88856995j  12467.75158061-10193.06095719j
    12210.02489298 -9559.10532133j]
  [ 21966.04579834 +2767.17924703j  11731.94548695 +6493.81429954j
    13664.13432129 +4570.78907302j]]

 [[181069.11          +0.j          43041.75063804 -4280.93334266j
    43041.75063804 +4280.93334266j]
  [ 23698.21323068 -3105.9681649j   14039.74540127 -4603.78049811j
    11252.98727622 -6124.06037543j]
  [ 13214.95151137 +5582.18198575j  12349.13776546 +9639.66005502j
    12486.56353393+10080.78740835j]
  ...
  [ 52062.58258405+13213.48931199j  14485.38524668 -2715.15278474j
    12224.53822755 -1450.16626644j]
  [ 13214.95151137 -5582.18198575j  12486.56353393-10080.78740835j
    12349.13776546 -9639.66005502j]
  [ 23698.21323068 +3105.9681649j   11252.98727622 +6124.06037543j
    14039.74540127 +4603.78049811j]]

 [[185720.13          +0.j          43784.03481671 -4297.49722249j
    43784.03481671 +4297.49722249j]
  [ 26285.30626048 -3441.96053659j  14590.31666997 -4651.15599595j
    10561.36891309 -5572.66509926j]
  [ 12613.58978421 +5791.51629067j  12545.970269   +9738.64171272j
    12439.56837345 +9841.43017025j]
  ...
  [ 50985.9391178 +13481.28633367j  14860.21748846 -2692.51270674j
    12428.8432166  -1577.6157973j ]
  [ 12613.58978421 -5791.51629067j  12439.56837345 -9841.43017025j
    12545.970269   -9738.64171272j]
  [ 26285.30626048 +3441.96053659j  10561.36891309 +5572.66509926j
    14590.31666997 +4651.15599595j]]

 ...

 [[199874.38          +0.j          63088.10388861-50258.25293016j
    63088.10388861+50258.25293016j]
  [  8670.3123987 +25357.95276287j -10700.07103063+13363.05125787j
    -9563.24982412-16091.67626734j]
  [ 17157.32849462+17638.2140484j   -1026.93494907 -1822.13576152j
      956.27528276 -1756.88166297j]
  ...
  [ 10453.88340145 -4794.98050671j   1234.9491014   +438.00362809j
     -402.33104996  -421.10208626j]
  [ 17157.32849462-17638.2140484j     956.27528276 +1756.88166297j
    -1026.93494907 +1822.13576152j]
  [  8670.3123987 -25357.95276287j  -9563.24982412+16091.67626734j
   -10700.07103063-13363.05125787j]]

 [[199658.25          +0.j          62207.07322006-49299.36993624j
    62207.07322006+49299.36993624j]
  [  9841.99280335+25211.94109348j -11503.47817563+12188.79930387j
    -8834.49022127-16089.0176072j ]
  [ 19710.65961333+16349.09859253j  -1262.01916437 -2256.29345154j
      977.49930173 -2321.73215766j]
  ...
  [ 10532.05308913 -2600.30059327j   1474.93820026  +282.46282811j
     -317.68342123  +734.59530618j]
  [ 19710.65961333-16349.09859253j    977.49930173 +2321.73215766j
    -1262.01916437 +2256.29345154j]
  [  9841.99280335-25211.94109348j  -8834.49022127+16089.0176072j
   -11503.47817563-12188.79930387j]]

 [[198863.16          +0.j          61617.49346014-48627.15313042j
    61617.49346014+48627.15313042j]
  [ 10887.54495826+24985.4334893j  -11420.58697703+11914.37402549j
    -8478.45583197-16044.12709393j]
  [ 22585.87508154+14526.75602237j  -1430.32096065 -2521.68361065j
     1068.40183998 -2624.42039563j]
  ...
  [ 10133.4641021   -326.60489297j   1452.22121692  +564.53640179j
     -801.93191198  -520.85900226j]
  [ 22585.87508154-14526.75602237j   1068.40183998 +2624.42039563j
    -1430.32096065 +2521.68361065j]
  [ 10887.54495826-24985.4334893j   -8478.45583197+16044.12709393j
   -11420.58697703-11914.37402549j]]] 
2021-06-09 18:39:25,547:INFO:Combined array after ifft [[[651 264 259]
  [550 204 208]
  [511 192 192]
  ...
  [568 247 261]
  [594 256 269]
  [629 271 284]]

 [[638 254 250]
  [554 207 210]
  [512 189 191]
  ...
  [561 240 254]
  [587 248 264]
  [616 261 274]]

 [[637 244 250]
  [577 220 232]
  [531 197 208]
  ...
  [543 220 242]
  [575 234 257]
  [603 241 263]]

 ...

 [[286 192 149]
  [264 191 144]
  [249 186 140]
  ...
  [245 172 119]
  [255 175 125]
  [267 181 134]]

 [[298 204 168]
  [279 201 162]
  [266 196 158]
  ...
  [252 180 130]
  [263 188 143]
  [278 194 155]]

 [[297 201 175]
  [277 195 167]
  [260 187 159]
  ...
  [262 186 149]
  [270 190 154]
  [282 195 161]]]
2021-06-09 18:39:25,556:WARNING:Clipping input data to the valid range for imshow with RGB data ([0..1] for floats or [0..255] for integers).
